2010-01-04,2.569,2.512,2.572,2.510,7864332,2000121183.000,2.42,-1.84,-0.047,5.32
2010-01-05,2.525,2.544,2.562,2.489,10998788,2781187358.000,2.91,1.27,0.032,7.44
2010-01-06,2.539,2.512,2.550,2.511,5465725,1384265012.000,1.53,-1.26,-0.032,3.70
2010-01-07,2.513,2.462,2.526,2.449,8942675,2226035249.000,3.07,-1.99,-0.050,6.05
2010-01-08,2.458,2.462,2.468,2.427,8854760,2168222331.000,1.67,0.00,0.000,5.99
2010-01-11,2.600,2.473,2.600,2.462,13548810,3409013315.000,5.61,0.45,0.011,9.17
2010-01-12,2.462,2.505,2.506,2.428,12172626,3008190197.000,3.15,1.29,0.032,8.23
2010-01-13,2.452,2.394,2.457,2.390,14207432,3444822693.000,2.67,-4.43,-0.111,9.61
2010-01-14,2.410,2.416,2.424,2.380,8782125,2113674940.000,1.84,0.92,0.022,5.94
2010-01-15,2.416,2.422,2.440,2.399,6523285,1578854361.000,1.70,0.25,0.006,4.41
2010-01-18,2.412,2.415,2.418,2.398,5088502,1226176350.000,0.83,-0.29,-0.007,3.44
2010-01-19,2.421,2.431,2.448,2.418,9716638,2364288724.000,1.24,0.66,0.016,6.57
2010-01-20,2.435,2.356,2.436,2.354,7692516,1837559300.000,3.37,-3.09,-0.075,5.20
2010-01-21,2.361,2.376,2.389,2.347,11077710,2620563032.000,1.78,0.85,0.020,7.49
2010-01-22,2.350,2.377,2.400,2.318,11702916,2762052036.000,3.45,0.04,0.001,7.92
2010-01-25,2.352,2.355,2.392,2.350,7971761,1889290383.000,1.77,-0.93,-0.022,5.39
2010-01-26,2.356,2.309,2.361,2.301,9614014,2235841187.000,2.55,-1.95,-0.046,6.50
2010-01-27,2.313,2.262,2.319,2.261,10101134,2307873556.000,2.51,-2.04,-0.047,6.83
2010-01-28,2.263,2.250,2.269,2.235,5968603,1344312609.000,1.50,-0.53,-0.012,4.04
2010-01-29,2.238,2.244,2.279,2.231,6200918,1399818522.000,2.13,-0.27,-0.006,4.19
2010-02-01,2.241,2.208,2.241,2.186,7001223,1544748300.000,2.45,-1.60,-0.036,4.74
2010-02-02,2.225,2.216,2.265,2.210,6565433,1471088062.000,2.49,0.36,0.008,4.44
2010-02-03,2.227,2.282,2.283,2.193,10953975,2456854488.000,4.06,2.98,0.066,7.41
2010-02-04,2.261,2.265,2.279,2.247,7284770,1648858963.000,1.40,-0.74,-0.017,4.93
2010-02-05,2.225,2.219,2.234,2.206,6526724,1448850255.000,1.24,-2.03,-0.046,4.42
2010-02-08,2.220,2.212,2.234,2.202,3499846,776545307.000,1.44,-0.32,-0.007,2.37
2010-02-09,2.208,2.228,2.237,2.204,4088553,909905131.000,1.49,0.72,0.016,2.77
2010-02-10,2.246,2.263,2.264,2.242,3489611,785651270.000,0.99,1.57,0.035,2.36
2010-02-11,2.262,2.268,2.278,2.258,2220589,503997960.000,0.88,0.22,0.005,1.50
2010-02-12,2.275,2.287,2.291,2.271,2296410,524024130.000,0.88,0.84,0.019,1.55
2010-02-22,2.287,2.271,2.294,2.269,3950443,901286945.000,1.09,-0.70,-0.016,2.67
2010-02-23,2.261,2.230,2.268,2.207,5768024,1282063965.000,2.69,-1.81,-0.041,3.90
2010-02-24,2.224,2.252,2.254,2.207,4036906,901550950.000,2.11,0.99,0.022,2.73
2010-02-25,2.255,2.287,2.290,2.251,6789959,1548363360.000,1.73,1.55,0.035,4.59
2010-02-26,2.279,2.280,2.293,2.276,3368787,769444498.000,0.74,-0.31,-0.007,2.28
2010-03-01,2.279,2.318,2.323,2.279,4262417,983304740.000,1.93,1.67,0.038,2.88
2010-03-02,2.320,2.311,2.329,2.305,4053307,938546926.000,1.04,-0.30,-0.007,2.74
2010-03-03,2.311,2.321,2.322,2.293,2974661,686950836.000,1.25,0.43,0.010,2.01
2010-03-04,2.319,2.269,2.321,2.267,5517074,1265292982.000,2.33,-2.24,-0.052,3.73
2010-03-05,2.272,2.273,2.288,2.270,2679585,610224841.000,0.79,0.18,0.004,1.81
2010-03-08,2.279,2.290,2.297,2.273,2459070,562812813.000,1.06,0.75,0.017,1.66
2010-03-09,2.290,2.306,2.322,2.274,4175418,959487634.000,2.10,0.70,0.016,2.82
2010-03-10,2.306,2.296,2.322,2.291,3431832,790858258.000,1.34,-0.43,-0.010,2.32
2010-03-11,2.300,2.304,2.318,2.282,5778846,1329776310.000,1.57,0.35,0.008,3.91
2010-03-12,2.302,2.278,2.306,2.275,4314374,987959534.000,1.35,-1.13,-0.026,2.92
2010-03-15,2.274,2.239,2.279,2.232,6464221,1451917274.000,2.06,-1.71,-0.039,4.37
2010-03-16,2.237,2.259,2.260,2.236,3490586,784200708.000,1.07,0.89,0.020,2.36
2010-03-17,2.265,2.306,2.308,2.260,5761976,1317642743.000,2.12,2.08,0.047,3.90
2010-03-18,2.306,2.294,2.318,2.288,4719135,1087836193.000,1.30,-0.52,-0.012,3.19
2010-03-19,2.293,2.314,2.316,2.282,4398742,1011781370.000,1.48,0.87,0.020,2.98
2010-03-22,2.314,2.315,2.330,2.309,4953434,1148749048.000,0.91,0.04,0.001,3.35
2010-03-23,2.317,2.289,2.319,2.288,3725643,858504260.000,1.34,-1.12,-0.026,2.52
2010-03-24,2.299,2.291,2.312,2.288,4030026,927298181.000,1.05,0.09,0.002,2.73
2010-03-25,2.284,2.257,2.284,2.255,3738758,846862281.000,1.27,-1.48,-0.034,2.53
2010-03-26,2.256,2.296,2.306,2.255,4746792,1086153573.000,2.26,1.73,0.039,3.21
2010-03-29,2.310,2.366,2.370,2.306,9674776,2272431082.000,2.79,3.05,0.070,6.54
2010-03-30,2.366,2.370,2.374,2.352,4539975,1073765883.000,0.93,0.17,0.004,3.07
2010-03-31,2.368,2.350,2.372,2.343,4416232,1040035671.000,1.22,-0.84,-0.020,2.99
2010-04-01,2.350,2.373,2.379,2.350,4932458,1168179903.000,1.23,0.98,0.023,3.34
2010-04-02,2.378,2.375,2.385,2.367,3605145,856636428.000,0.76,0.08,0.002,2.44
2010-04-06,2.387,2.374,2.407,2.365,5626045,1340743044.000,1.77,-0.04,-0.001,3.81
2010-04-07,2.372,2.359,2.375,2.348,5117095,1208058922.000,1.14,-0.63,-0.015,3.46
2010-04-08,2.354,2.321,2.354,2.314,4439934,1036580527.000,1.70,-1.61,-0.038,3.00
2010-04-09,2.325,2.342,2.345,2.323,3462424,808733779.000,0.95,0.90,0.021,2.34
2010-04-12,2.350,2.314,2.355,2.301,4241254,985735257.000,2.31,-1.20,-0.028,2.87
2010-04-13,2.314,2.362,2.366,2.313,10363196,2431676276.000,2.29,2.07,0.048,7.01
2010-04-14,2.363,2.371,2.380,2.351,4036564,953298221.000,1.23,0.38,0.009,2.73
2010-04-15,2.373,2.365,2.373,2.344,4925178,1163292078.000,1.22,-0.25,-0.006,3.33
2010-04-16,2.350,2.330,2.362,2.325,4909038,1147993709.000,1.56,-1.48,-0.035,3.32
2010-04-19,2.305,2.210,2.305,2.204,12279320,2760509279.000,4.33,-5.15,-0.120,8.31
2010-04-20,2.214,2.202,2.220,2.178,7301047,1603308555.000,1.90,-0.36,-0.008,4.94
2010-04-21,2.201,2.233,2.237,2.186,6779411,1498723107.000,2.32,1.41,0.031,4.59
2010-04-22,2.219,2.182,2.219,2.180,7096894,1556624883.000,1.75,-2.28,-0.051,4.80
2010-04-23,2.186,2.168,2.197,2.157,7228110,1572435322.000,1.83,-0.64,-0.014,4.89
2010-04-26,2.175,2.150,2.182,2.145,7998154,1729097565.000,1.71,-0.83,-0.018,5.41
2010-04-27,2.143,2.111,2.144,2.080,7358025,1551887362.000,2.98,-1.81,-0.039,4.98
2010-04-28,2.092,2.105,2.112,2.080,5240455,1099949543.000,1.52,-0.28,-0.006,3.55
2010-04-29,2.116,2.098,2.134,2.096,5727071,1214322391.000,1.81,-0.33,-0.007,3.87
2010-04-30,2.106,2.131,2.133,2.095,7141077,1507773371.000,1.81,1.57,0.033,4.83
2010-05-04,2.104,2.102,2.121,2.096,5475072,1155019972.000,1.17,-1.36,-0.029,3.70
2010-05-05,2.085,2.107,2.111,2.054,7239961,1506304703.000,2.71,0.24,0.005,4.90
2010-05-06,2.091,2.009,2.094,2.006,8399428,1721562917.000,4.18,-4.65,-0.098,5.68
2010-05-07,1.975,1.986,2.018,1.964,8559356,1704976592.000,2.69,-1.14,-0.023,5.79
2010-05-10,1.997,2.013,2.025,1.977,8147783,1632192024.000,2.42,1.36,0.027,5.51
2010-05-11,2.055,1.974,2.060,1.963,10151441,2042388210.000,4.82,-1.94,-0.039,6.87
2010-05-12,1.970,2.009,2.010,1.953,10455752,2079700915.000,2.89,1.77,0.035,7.07
2010-05-13,2.008,2.047,2.053,2.000,10015078,2033814819.000,2.64,1.89,0.038,6.78
2010-05-14,2.028,2.026,2.043,2.018,5556543,1127563689.000,1.22,-1.03,-0.021,3.76
2010-05-17,2.000,1.935,2.000,1.933,7717251,1517480062.000,3.31,-4.49,-0.091,5.22
2010-05-18,1.941,1.977,1.989,1.928,9411959,1841228533.000,3.15,2.17,0.042,6.37
2010-05-19,1.965,1.966,1.997,1.937,8406458,1654329376.000,3.03,-0.56,-0.011,5.69
2010-05-20,1.952,1.932,1.982,1.931,6790227,1327966683.000,2.59,-1.73,-0.034,4.59
2010-05-21,1.881,1.952,1.955,1.878,8029839,1539208949.000,3.99,1.04,0.020,5.43
2010-05-24,1.966,2.016,2.027,1.965,8959631,1797000210.000,3.18,3.28,0.064,6.06
2010-05-25,2.000,1.963,2.001,1.956,5155455,1020553039.000,2.23,-2.63,-0.053,3.49
2010-05-26,1.969,1.964,1.986,1.955,4141656,815251142.000,1.58,0.05,0.001,2.80
2010-05-27,1.962,1.994,2.000,1.936,6145955,1211139375.000,3.26,1.53,0.030,4.16
2010-05-28,2.015,1.983,2.017,1.976,7091726,1417235385.000,2.06,-0.55,-0.011,4.80
2010-05-31,1.974,1.940,1.986,1.932,5936731,1164556317.000,2.72,-2.17,-0.043,4.02
2010-06-01,1.929,1.921,1.948,1.902,5975662,1152033031.000,2.37,-0.98,-0.019,4.04
2010-06-02,1.918,1.918,1.928,1.887,4181175,797555186.000,2.13,-0.16,-0.003,2.83
2010-06-03,1.926,1.907,1.941,1.906,5628331,1082823263.000,1.82,-0.57,-0.011,3.81
2010-06-04,1.903,1.906,1.913,1.893,3146902,598815548.000,1.05,-0.05,-0.001,2.13
2010-06-07,1.873,1.867,1.888,1.861,3998485,749559059.000,1.42,-2.05,-0.039,2.70
2010-06-08,1.868,1.859,1.881,1.845,3306224,617022348.000,1.93,-0.43,-0.008,2.24
2010-06-09,1.870,1.921,1.928,1.843,9092637,1724287997.000,4.57,3.34,0.062,6.15
2010-06-10,1.902,1.890,1.906,1.886,5079873,963718485.000,1.04,-1.61,-0.031,3.44
2010-06-11,1.899,1.897,1.918,1.894,4269637,813479735.000,1.27,0.37,0.007,2.89
2010-06-17,1.911,1.896,1.916,1.895,3385911,645743269.000,1.11,-0.05,-0.001,2.29
2010-06-18,1.893,1.880,1.915,1.876,3589891,682096628.000,2.06,-0.84,-0.016,2.43
2010-06-21,1.891,1.948,1.956,1.885,7588459,1461510297.000,3.78,3.62,0.068,5.13
2010-06-22,1.940,1.945,1.953,1.937,3130346,608561277.000,0.82,-0.15,-0.003,2.12
2010-06-23,1.936,1.926,1.947,1.910,3327786,641230931.000,1.90,-0.98,-0.019,2.25
2010-06-24,1.926,1.937,1.954,1.919,3456187,669254155.000,1.82,0.57,0.011,2.34
2010-06-25,1.924,1.931,1.943,1.919,3782429,729895168.000,1.24,-0.31,-0.006,2.56
2010-06-28,1.928,1.932,1.953,1.925,3040911,589189836.000,1.45,0.05,0.001,2.06
2010-06-29,1.935,1.853,1.938,1.851,5879086,1110298594.000,4.50,-4.09,-0.079,3.98
2010-06-30,1.844,1.835,1.849,1.830,4879008,897899196.000,1.03,-0.97,-0.018,3.30
2010-07-01,1.832,1.823,1.847,1.818,3836844,703882146.000,1.58,-0.65,-0.012,2.60
2010-07-02,1.824,1.837,1.842,1.795,5960440,1085179842.000,2.58,0.77,0.014,4.03
2010-07-05,1.818,1.819,1.837,1.797,5157922,937433578.000,2.18,-0.98,-0.018,3.49
2010-07-06,1.815,1.849,1.850,1.813,5923918,1088874963.000,2.03,1.65,0.030,4.01
2010-07-07,1.848,1.850,1.851,1.834,3791664,698797301.000,0.92,0.05,0.001,2.57
2010-07-08,1.860,1.855,1.872,1.847,3744394,696281224.000,1.35,0.27,0.005,2.53
2010-07-09,1.856,1.897,1.910,1.843,5154950,971233123.000,3.61,2.26,0.042,3.49
2010-07-12,1.894,1.908,1.920,1.884,4189545,798711169.000,1.90,0.58,0.011,2.83
2010-07-13,1.888,1.879,1.888,1.866,3881148,729007143.000,1.15,-1.52,-0.029,2.63
2010-07-14,1.885,1.891,1.914,1.882,4075069,772906186.000,1.70,0.64,0.012,2.76
2010-07-15,1.895,1.861,1.914,1.859,4081152,770848961.000,2.91,-1.59,-0.030,2.76
2010-07-16,1.854,1.858,1.864,1.838,3003037,555827245.000,1.40,-0.16,-0.003,2.03
2010-07-19,1.846,1.902,1.914,1.842,4859904,912788445.000,3.88,2.37,0.044,3.29
2010-07-20,1.905,1.936,1.940,1.903,5083046,979731572.000,1.95,1.79,0.034,3.44
2010-07-21,1.936,1.936,1.947,1.927,4208854,815371291.000,1.03,0.00,0.000,2.85
2010-07-22,1.930,1.959,1.961,1.927,3914225,762657720.000,1.76,1.19,0.023,2.65
2010-07-23,1.961,1.971,1.981,1.958,4630919,911009012.000,1.17,0.61,0.012,3.13
2010-07-26,1.972,1.974,1.980,1.956,3225914,635914667.000,1.22,0.15,0.003,2.18
2010-07-27,1.966,1.962,1.974,1.958,2589744,508951671.000,0.81,-0.61,-0.012,1.75
2010-07-28,1.961,2.018,2.020,1.958,6033573,1205355356.000,3.16,2.85,0.056,4.08
2010-07-29,2.017,2.021,2.034,2.011,4638186,938186457.000,1.14,0.15,0.003,3.14
2010-07-30,2.016,2.016,2.021,2.005,3020849,608278636.000,0.79,-0.25,-0.005,2.04
2010-08-02,2.016,2.049,2.054,2.015,4743556,966217112.000,1.93,1.64,0.033,3.21
2010-08-03,2.049,2.005,2.053,2.004,5456085,1110290239.000,2.39,-2.15,-0.044,3.69
2010-08-04,2.007,2.012,2.025,1.980,6292555,1261623756.000,2.24,0.35,0.007,4.26
2010-08-05,2.008,1.983,2.011,1.971,3699459,736103311.000,1.99,-1.44,-0.029,2.50
2010-08-06,1.978,2.014,2.016,1.967,4582828,913859456.000,2.47,1.56,0.031,3.10
2010-08-09,2.005,2.016,2.025,1.999,3961397,796772247.000,1.29,0.10,0.002,2.68
2010-08-10,2.016,1.966,2.024,1.965,4932371,982673420.000,2.93,-2.48,-0.050,3.34
2010-08-11,1.967,1.968,1.984,1.957,3717749,731861377.000,1.37,0.10,0.002,2.52
2010-08-12,1.955,1.945,1.971,1.940,3137138,613249611.000,1.58,-1.17,-0.023,2.12
2010-08-13,1.944,1.961,1.965,1.933,3547662,691492107.000,1.65,0.82,0.016,2.40
2010-08-16,1.953,2.004,2.008,1.947,4092732,811230525.000,3.11,2.19,0.043,2.77
2010-08-17,2.006,2.014,2.019,1.997,4167304,837351125.000,1.10,0.50,0.010,2.82
2010-08-18,2.014,2.005,2.035,2.003,4031661,813365577.000,1.59,-0.45,-0.009,2.73
2010-08-19,2.006,2.026,2.043,2.003,4763682,964863267.000,2.00,1.05,0.021,3.22
2010-08-20,2.019,1.998,2.032,1.996,4672866,940341107.000,1.78,-1.38,-0.028,3.16
2010-08-23,1.993,1.993,2.016,1.984,3008669,602034438.000,1.60,-0.25,-0.005,2.04
2010-08-24,1.988,1.990,2.015,1.970,4344020,865926712.000,2.26,-0.15,-0.003,2.94
2010-08-25,1.976,1.949,1.989,1.944,3958702,777578538.000,2.26,-2.06,-0.041,2.68
2010-08-26,1.955,1.944,1.963,1.938,3584089,698618651.000,1.28,-0.26,-0.005,2.42
2010-08-27,1.942,1.948,1.951,1.936,2215791,430760802.000,0.77,0.21,0.004,1.50
2010-08-30,1.961,1.974,1.983,1.956,3780903,745787933.000,1.39,1.33,0.026,2.56
2010-08-31,1.964,1.955,1.967,1.949,2582987,505577722.000,0.91,-0.96,-0.019,1.75
2010-09-01,1.958,1.948,1.983,1.936,4482850,878516569.000,2.40,-0.36,-0.007,3.03
2010-09-02,1.971,1.967,1.975,1.960,3791905,745922532.000,0.77,0.98,0.019,2.57
2010-09-03,1.969,1.959,1.971,1.945,3622650,708805371.000,1.32,-0.41,-0.008,2.45
2010-09-06,1.971,2.010,2.011,1.969,5202583,1036729538.000,2.14,2.60,0.051,3.52
2010-09-07,2.010,2.004,2.017,1.993,2992690,599763595.000,1.19,-0.30,-0.006,2.02
2010-09-08,1.993,1.988,1.998,1.976,2489717,494142962.000,1.10,-0.80,-0.016,1.68
2010-09-09,1.987,1.951,1.988,1.942,3124799,612990500.000,2.31,-1.86,-0.037,2.11
2010-09-10,1.950,1.947,1.958,1.930,3310231,642970052.000,1.44,-0.21,-0.004,2.24
2010-09-13,1.945,1.956,1.970,1.938,3809717,743256020.000,1.64,0.46,0.009,2.58
2010-09-14,1.964,1.956,1.971,1.951,3240120,635497178.000,1.02,0.00,0.000,2.19
2010-09-15,1.956,1.923,1.956,1.920,2973526,575908994.000,1.84,-1.69,-0.033,2.01
2010-09-16,1.922,1.893,1.927,1.877,3875978,735854892.000,2.60,-1.56,-0.030,2.62
2010-09-17,1.897,1.891,1.903,1.888,1971987,373420533.000,0.79,-0.11,-0.002,1.33
2010-09-20,1.892,1.897,1.907,1.880,2302257,436679490.000,1.43,0.32,0.006,1.56
2010-09-21,1.903,1.898,1.908,1.891,1387219,263492831.000,0.90,0.05,0.001,0.94
2010-09-27,1.905,1.914,1.920,1.900,1959700,373907971.000,1.05,0.84,0.016,1.33
2010-09-28,1.909,1.897,1.915,1.896,4365712,832391710.000,0.99,-0.89,-0.017,2.95
2010-09-29,1.894,1.903,1.925,1.892,2527330,483254177.000,1.74,0.32,0.006,1.71
2010-09-30,1.894,1.948,1.949,1.890,3317031,641118756.000,3.10,2.36,0.045,2.24
2010-10-08,1.969,2.026,2.037,1.964,8761857,1766050758.000,3.75,4.00,0.078,5.93
2010-10-11,2.037,2.101,2.122,2.037,10767735,2248367381.000,4.20,3.70,0.075,7.28
2010-10-12,2.098,2.126,2.128,2.084,5517758,1163400814.000,2.09,1.19,0.025,3.73
2010-10-13,2.131,2.160,2.162,2.121,6973333,1495499032.000,1.93,1.60,0.034,4.72
2010-10-14,2.185,2.189,2.233,2.182,9774965,2156006731.000,2.36,1.34,0.029,6.61
2010-10-15,2.180,2.278,2.300,2.178,12955628,2906339498.000,5.57,4.07,0.089,8.76
2010-10-18,2.299,2.264,2.350,2.262,15229470,3509399543.000,3.86,-0.61,-0.014,10.30
2010-10-19,2.262,2.307,2.309,2.245,10732692,2439368445.000,2.83,1.90,0.043,7.26
2010-10-20,2.287,2.306,2.344,2.262,15253883,3510123332.000,3.55,-0.04,-0.001,10.32
2010-10-21,2.311,2.268,2.320,2.252,7822057,1785529965.000,2.95,-1.65,-0.038,5.29
2010-10-22,2.262,2.256,2.282,2.236,5660444,1279288389.000,2.03,-0.53,-0.012,3.83
2010-10-25,2.256,2.324,2.325,2.233,6524032,1490258504.000,4.08,3.01,0.068,4.41
2010-10-26,2.330,2.294,2.336,2.280,6253113,1444285663.000,2.41,-1.29,-0.030,4.23
2010-10-27,2.280,2.246,2.318,2.244,6983420,1592069793.000,3.23,-2.09,-0.048,4.72
2010-10-28,2.243,2.247,2.265,2.230,4927050,1106856679.000,1.56,0.04,0.001,3.33
2010-10-29,2.249,2.214,2.255,2.204,6139576,1365578206.000,2.27,-1.47,-0.033,4.15
2010-11-01,2.221,2.268,2.270,2.221,5778768,1302241492.000,2.21,2.44,0.054,3.91
2010-11-02,2.268,2.256,2.292,2.235,5427897,1227968287.000,2.51,-0.53,-0.012,3.67
2010-11-03,2.256,2.251,2.285,2.231,8851912,2002039622.000,2.39,-0.22,-0.005,5.99
2010-11-04,2.252,2.279,2.286,2.252,6315726,1434579795.000,1.51,1.24,0.028,4.27
2010-11-05,2.326,2.303,2.350,2.285,4815342,1111918952.000,2.85,1.05,0.024,3.26
2010-11-08,2.308,2.311,2.321,2.291,5078203,1171340202.000,1.30,0.35,0.008,3.44
2010-11-09,2.309,2.278,2.310,2.267,4824501,1103446418.000,1.86,-1.43,-0.033,3.26
2010-11-10,2.263,2.244,2.266,2.232,5822105,1307031551.000,1.49,-1.49,-0.034,3.94
2010-11-11,2.250,2.273,2.302,2.242,7660029,1741143755.000,2.67,1.29,0.029,5.18
2010-11-12,2.260,2.150,2.271,2.149,9968927,2203228431.000,5.37,-5.41,-0.123,6.74
2010-11-15,2.160,2.141,2.168,2.107,7739761,1646741096.000,2.84,-0.42,-0.009,5.24
2010-11-16,2.102,2.020,2.106,2.017,6790646,1398505273.000,4.16,-5.65,-0.121,4.59
2010-11-17,2.002,2.001,2.034,1.986,8127281,1636182950.000,2.38,-0.94,-0.019,5.50
2010-11-18,2.021,2.024,2.036,2.000,5598051,1130710264.000,1.80,1.15,0.023,3.79
2010-11-19,2.034,2.027,2.036,1.965,5777402,1156034335.000,3.51,0.15,0.003,3.91
2010-11-22,2.009,2.005,2.024,1.995,5395526,1084962952.000,1.43,-1.09,-0.022,3.65
2010-11-23,1.992,1.964,1.995,1.938,6781646,1329721213.000,2.84,-2.04,-0.041,4.59
2010-11-24,1.964,2.005,2.018,1.964,5847708,1170723949.000,2.75,2.09,0.041,3.96
2010-11-25,2.015,2.035,2.037,1.994,5961880,1204108162.000,2.14,1.50,0.030,4.03
2010-11-26,2.026,2.013,2.037,2.005,4368199,881225192.000,1.57,-1.08,-0.022,2.96
2010-11-29,2.010,2.007,2.018,1.991,3271619,655731275.000,1.34,-0.30,-0.006,2.21
2010-11-30,2.006,1.977,2.015,1.940,6600923,1301848749.000,3.74,-1.49,-0.030,4.47
2010-12-01,1.969,1.978,1.988,1.963,3355813,663480328.000,1.26,0.05,0.001,2.27
2010-12-02,2.010,1.993,2.015,1.989,3747387,751645315.000,1.31,0.76,0.015,2.54
2010-12-03,1.998,2.001,2.009,1.989,3854804,770562704.000,1.00,0.40,0.008,2.61
2010-12-06,2.010,2.027,2.032,2.006,4843422,977836169.000,1.30,1.30,0.026,3.28
2010-12-07,2.021,2.038,2.053,1.994,4651443,940404130.000,2.91,0.54,0.011,3.15
2010-12-08,2.033,2.013,2.046,2.011,3497618,709120169.000,1.72,-1.23,-0.025,2.37
2010-12-09,2.004,1.992,2.019,1.988,2855651,572192620.000,1.54,-1.04,-0.021,1.93
2010-12-10,1.981,2.015,2.022,1.980,3421433,684644995.000,2.11,1.15,0.023,2.31
2010-12-13,2.022,2.070,2.072,2.019,4420587,903232604.000,2.63,2.73,0.055,2.99
2010-12-14,2.076,2.063,2.080,2.059,3154333,652714546.000,1.01,-0.34,-0.007,2.13
2010-12-15,2.064,2.050,2.070,2.048,2778846,572216329.000,1.07,-0.63,-0.013,1.88
2010-12-16,2.048,2.031,2.053,2.030,2421549,494445866.000,1.12,-0.93,-0.019,1.64
2010-12-17,2.031,2.027,2.035,2.020,1854486,375839869.000,0.74,-0.20,-0.004,1.25
2010-12-20,2.033,1.993,2.041,1.965,4483725,894404290.000,3.75,-1.68,-0.034,3.03
2010-12-21,1.997,2.044,2.054,1.992,5629472,1141355736.000,3.11,2.56,0.051,3.81
2010-12-22,2.047,2.015,2.052,2.007,2848363,579118650.000,2.20,-1.42,-0.029,1.93
2010-12-23,2.018,2.012,2.043,2.006,3540568,715827815.000,1.84,-0.15,-0.003,2.40
2010-12-24,2.000,2.007,2.021,1.990,4346177,873032911.000,1.54,-0.25,-0.005,2.94
2010-12-27,2.022,1.972,2.041,1.968,3835406,770861960.000,3.64,-1.74,-0.035,2.59
2010-12-28,1.969,1.948,1.974,1.947,3974094,780128331.000,1.37,-1.22,-0.024,2.69
2010-12-29,1.950,1.948,1.953,1.933,2460023,477699376.000,1.03,0.00,0.000,1.66
2010-12-30,1.949,1.937,1.952,1.922,2865502,555724675.000,1.54,-0.56,-0.011,1.94
2010-12-31,1.941,1.968,1.969,1.940,3404700,666077239.000,1.50,1.60,0.031,2.30
